-18.076994242001092
-14.398738611998851
-12.117517210001097
-8.887284468000871
-11.168430523001007
-11.56048448599904
-16.376796008000383
-13.066349110002193
-14.277542695999728
-12.980232785997941
-11.322975821
-12.228107234997879
-9.815899960001843
-15.021541063997574
-11.20767224500014
-4.719631815998582
-9.588636073000089
-9.548858312002267
-7.2915529669990065
-11.070916425000178
-20.520017334998556
-10.477061734000017
-13.003778995000175
-14.991680464001547
-12.625977809002507
-17.700490740000532
-21.430142979002994
-13.470700215999386
-14.777537967998796
-21.37520676299755
-6.626522917998955
-7.230518051001127
-5.416557254997315
-3.8601408940012334
-5.962525327999174
-7.029506222999771
-8.086829141000635
-4.821512638001877
-5.251352381998004
-5.181261549001647
-13.023854262002715
-16.64858353499949
-10.539386313997966
-11.694869253002253
-12.950096512999153
-11.191937019997567
-7.038954809002462
-7.700266447998729
-7.370114471999841
-11.674710061997757
-3.540212553998572
-2.7626544429986097
-3.3436632379998628
-2.2260762309997517
-4.882325746002607
-4.782708140999603
-3.5203145919986127
-3.005224847998761
-4.01881757999945
-2.7593195120025484
-6.753568377000192
-5.021546302999923
-4.888525373000448
-6.206969577000564
-4.345798805999948
-5.443402145003347
-7.967117184998642
-7.624168752001424
-7.294028536001861
-6.834099547999358
Tiempo medio por resolución: -9.45 segundos
Max solving time: -21.430142979002994 seconds
Min solving time: -2.2260762309997517 seconds
