-12.038383624982089
-6.393266358005349
-6.529922598972917
-7.211601542017888
-5.655424739990849
-5.90172270097537
-4.816236497019418
-6.32537165703252
-6.324586988019291
-5.487731455999892
-4.898066841997206
-6.870937988045625
-10.625646998989396
-5.261428490979597
-3.991906826966442
-6.649488822033163
-4.276807114947587
-7.436477228999138
-3.389268897008151
-7.458942895988002
-8.355089009040967
-6.620943831978366
-5.824779846996535
-3.5535255880095065
-5.752720395976212
-4.887815467023756
-6.099178723001387
-5.222315717022866
-6.476684071007185
-4.774847292981576
-11.444967227987945
-7.264281445997767
-6.511944157013204
-3.820607746951282
-6.570275365025736
-3.138451079954393
-8.127369624970015
-8.568370455992408
-4.999368184013292
-7.680931675015017
-5.326518733985722
-3.259254771983251
-9.443789837998338
-4.273135847994126
-4.486506723042112
-7.333538122009486
-8.627274214988574
-4.818669873988256
-5.4005501180072315
-5.4512578819994815
-5.932205758988857
-4.49824109202018
-3.6784258499974385
-4.032441923976876
-4.974792176042683
-7.499974577978719
-4.4892692400026135
-12.191948114021216
-4.994165051961318
-4.561387336987536
-7.167907776020002
-4.432836337015033
-2.6723750779638067
-8.82769509096397
-3.1281642169924453
-6.355718718026765
-4.651926582038868
-5.414062523981556
-10.25098287005676
-4.928422200959176
-5.03856579301646
-8.233669195033144
-8.586619763984345
-5.481641796010081
-4.456210636999458
-5.166466945025604
-2.782667734019924
-3.5191217190003954
-3.551208055985626
-4.222775003989227
-5.593648939044215
-3.750526384974364
-6.23286938801175
-7.822616385994479
-4.303274528007023
-3.3657916170195676
-2.6387532430235296
-5.164062399009708
-5.157638561970089
-2.6776974460226484
-5.014333516010083
-5.192284212040249
-4.488887105020694
-2.754705590021331
-2.764409377006814
-5.079522093990818
-7.0262358819600195
-4.328181085991673
-5.514456521021202
-5.949126395978965
-5.281914664956275
-2.4827969039906748
-2.806204829015769
-8.385845527984202
-7.610942584986333
-3.4893309480394237
-2.3222823559772223
-8.408659047971014
-3.43000374204712
-2.4386765779927373
-11.177201771002728
-4.365443589980714
-5.5291875100228935
-5.084245398000348
-2.9267437260132283
-6.054406188020948
-6.877931216964498
-6.623439493996557
-8.215448480972555
-3.2983887419686653
-3.909140617994126
-5.668697846005671
-2.723980732029304
-2.8965577079798095
-9.060418939974625
-3.6865626520011574
-6.263087408966385
-6.501840311975684
-4.348233213997446
-5.214265525981318
-6.343300466018263
-3.6735401439946145
-4.5482044399832375
-3.387493660033215
-4.233874962024856
-3.1808439639862627
-3.4467492279945873
-7.9514485920080915
-3.1734055900014937
-5.653858044999652
-2.8471417499822564
-5.758362586027943
-6.862176951952279
-6.94842431001598
-3.1313295559957623
-2.795073342975229
-6.161548509960994
-7.566837581980508
-7.511922576988582
-4.438901548972353
-7.964069364010356
-3.503153147001285
-4.266802583995741
-6.153871928050648
-2.898217716952786
-4.874614590022247
-6.108166425023228
-7.704219601000659
-6.713912467006594
-5.3287999669555575
-3.4073548419983126
-4.682582692999858
-7.0514485880266875
-4.719255117990542
-6.51048257300863
-4.75135658698855
-3.9751766090048477
-3.6033480709884316
-7.256878351967316
-6.661731875035912
-3.4067607899778523
-6.475114297994878
Tiempo medio por feedback: -5.51 segundos
Max feedback time: -12.191948114021216 seconds
Min feedback time: -2.3222823559772223 seconds
